"id" "type" "sex" "site" "trap" "utm59e" "utm59n" "cluster" "length" "weight" "gonade_w" "srlarvae" "balarvae" "sradult" "baadult" "increment1" "increment2" "increment3" "increment4" "otolithradius" "age"
"1" "L4RY" "Behaviour" NA "Waipori" NA NA NA NA 52.71 NA NA 0.852157069835029 0.00176909139102439 0.665958345042318 0.00183537857213578 NA NA NA NA NA NA
"2" "U2LO" "Behaviour" "M" "Upstream" NA NA NA "UL" 55.03 NA NA 1.01686917213812 0.00164393608367912 0.635466708381077 0.00466105263509512 NA NA NA NA NA NA
"3" "L12VY" "Behaviour" "M" "Waipori" NA NA NA NA 48.35 NA NA 0.99550073083323 0.00157552249684162 1.13094853483323 0.00152465479203471 NA NA NA NA NA NA
"4" "U2VY" "Behaviour" NA "Upstream" NA NA NA "UL" 52.09 NA NA 0.913273894280523 0.00111161097672236 0.382658539095113 0.00216368056804094 NA NA NA NA NA NA
"5" "L11LY" "Behaviour" "F" "Waipori" NA NA NA NA 54.88 NA NA 0.988612736023415 0.00201736486234853 1.06514025639399 0.00401165897880476 NA NA NA NA NA NA
"6" "U1RY" "Behaviour" "M" "Upstream" NA NA NA "UL" 47.05 NA NA 0.855526697207806 0.00201018513943454 0.843451552674693 0.00504342948947576 NA NA NA NA NA NA
"7" "L13VY" "Behaviour" "F" "Waipori" NA NA NA NA 51.02 NA NA 1.17844971410079 0.00213851439140716 0.602278335958381 0.00239449643613245 NA NA NA NA NA NA
"8" "U1LO2" "Behaviour" "M" "Upstream" NA NA NA "UL" NA NA NA NA NA 0.836452230297034 0.00318460524509856 NA NA NA NA NA NA
"9" "L1VY" "Behaviour" "M" "Waipori" NA NA NA NA 48.1 NA NA 0.899071291382194 0.00156998262494446 0.920026063575165 0.00248969560402087 NA NA NA NA NA NA
"10" "D1LO" "Behaviour" "F" "Downstream" NA NA NA "DL" 49.88 NA NA 1.04782758614061 0.00190906757442349 0.897582450579159 0.00202326531805649 NA NA NA NA NA NA
"11" "L9LY" "Behaviour" "M" "Waipori" NA NA NA NA 43.55 NA NA 1.15143127542358 0.00177351865082946 1.29009599261332 0.0032312632633493 NA NA NA NA NA NA
"12" "D2RY" "Behaviour" "M" "Downstream" NA NA NA "DL" 59.84 NA NA 1.81732001065553 0.000931295557087321 1.1441098240021 0.00201505783262398 NA NA NA NA NA NA
"13" "L4VY" "Behaviour" "M" "Waipori" NA NA NA NA 47.02 NA NA 1.00238636363187 0.00211023189123734 0.793927436298903 0.00260877558514205 NA NA NA NA NA NA
"14" "L13LY" "Behaviour" "M" "Waipori" NA NA NA NA 55.69 NA NA NA NA NA NA NA NA NA NA NA NA
"15" "L1LY" "Behaviour" "F" "Waipori" NA NA NA NA 52.82 NA NA 0.928159762593524 0.00140110464673371 0.612488258678642 0.00136140019669622 NA NA NA NA NA NA
"16" "L13RO" "Behaviour" "M" "Waipori" NA NA NA NA 61.97 NA NA 0.969330268976979 0.00155426516849597 1.01757040562109 0.00227426266495623 NA NA NA NA NA NA
"17" "L2LY" "Behaviour" "F" "Waipori" NA NA NA NA 45.94 NA NA 1.12553074183509 0.00227864306332695 1.12744131023121 0.00260590342039037 NA NA NA NA NA NA
"18" "L11LO" "Behaviour" "M" "Waipori" NA NA NA NA 42.64 NA NA 0.932937977922537 0.00169479673521282 0.65846959041942 0.00135525071185569 NA NA NA NA NA NA
"19" "L2VO" "Behaviour" "F" "Waipori" NA NA NA NA 51.6 NA NA 0.9183613257497 0.00178727001635029 0.657649631814518 0.00223746149021929 NA NA NA NA NA NA
"20" "U2LY" "Behaviour" "M" "Upstream" NA NA NA "UL" 46.23 NA NA 1.01029984891759 0.00129810036430783 0.732380311994398 0.00347416174637777 NA NA NA NA NA NA
"21" "U2RO" "Behaviour" "M" "Upstream" NA NA NA "UL" 41.25 NA NA 1.05454018496067 0.00799325389171866 0.754976306385722 0.00442146291151973 NA NA NA NA NA NA
"22" "D1LY" "Behaviour" "F" "Downstream" NA NA NA "DL" 48.04 NA NA 0.966832142279411 0.00175030854149884 0.450457894312165 0.000960922001449841 NA NA NA NA NA NA
"23" "D1RO" "Behaviour" "F" "Downstream" NA NA NA "DL" 48.04 NA NA 1.06130054971833 0.00191149130082738 1.37007443763858 0.000847242956981672 NA NA NA NA NA NA
"24" "L6LO" "Behaviour" "F" "Waipori" NA NA NA NA 42.91 NA NA 0.871818584142002 0.0014685295266619 0.819502931316398 0.00191228346529852 NA NA NA NA NA NA
"25" "L9RO" "Behaviour" "M" "Waipori" NA NA NA NA 51.71 NA NA 0.940545786382647 0.00214981156869074 0.731292261501103 0.00174024124749584 NA NA NA NA NA NA
"26" "D2LY" "Behaviour" "M" "Downstream" NA NA NA "DL" 48.7 NA NA 0.699820639936664 0.002097730820198 1.19767701572216 0.00118363448013224 NA NA NA NA NA NA
"27" "L12LY" "Behaviour" "M" "Waipori" NA NA NA NA 53.21 NA NA 0.639380153326984 0.00118297765753537 0.673531523012556 0.00165251787296659 NA NA NA NA NA NA
"28" "L4LY" "Behaviour" "F" "Waipori" NA NA NA NA 46.37 NA NA 1.04678034146773 0.00191357163542977 0.559547769157523 0.00242992539511029 NA NA NA NA NA NA
"29" "L3LO" "Behaviour" "M" "Waipori" NA NA NA NA 44.34 NA NA 1.10238331368036 0.00132149917275499 1.06141390774371 0.00276520463970397 NA NA NA NA NA NA
"30" "L12RY" "Behaviour" "F" "Waipori" NA NA NA NA 46.96 NA NA 0.95766885690474 0.00183713018497929 0.602643912844421 0.00286927135526602 NA NA NA NA NA NA
"31" "L11RY" "Behaviour" "M" "Waipori" NA NA NA NA 56.58 NA NA 0.80116839381846 0.00189616328291828 0.960543378845074 0.00239552565131217 NA NA NA NA NA NA
"32" "L1LO" "Behaviour" "F" "Waipori" NA NA NA NA 45.71 NA NA 0.794363832795886 0.00217138982146584 0.882976035913708 0.00259936573151025 NA NA NA NA NA NA
"33" "D2LO" "Behaviour" "M" "Downstream" NA NA NA "DL" 49.01 NA NA 0.906358806684211 0.00221882308818405 1.36051700285843 0.000906763006620741 NA NA NA NA NA NA
"34" "L6LY" "Behaviour" "M" "Waipori" NA NA NA NA 49.7 NA NA 1.08797404739167 0.00177703699966353 1.40755410698805 0.00256110954876551 NA NA NA NA NA NA
"35" "L9VY" "Behaviour" "F" "Waipori" NA NA NA NA 45.73 NA NA 1.01199531386754 0.0018555650597408 1.19112418133061 0.00437463760123915 NA NA NA NA NA NA
"36" "L3RY" "Behaviour" "F" "Waipori" NA NA NA NA 49.66 NA NA 0.920708313349713 0.0021766002921048 0.989913530790075 0.00338483341537942 NA NA NA NA NA NA
"37" "L3RO" "Behaviour" "F" "Waipori" NA NA NA NA 47.3 NA NA 0.870507875263299 0.00126975829034489 0.842586043001011 0.00206712143420808 NA NA NA NA NA NA
"38" "L3LY" "Behaviour" "M" "Waipori" NA NA NA NA 57.05 NA NA 1.05809356051319 0.00204337230628634 0.668809401129722 0.002579500573087 NA NA NA NA NA NA
"39" "L1RY" "Behaviour" "M" "Waipori" NA NA NA NA 49.58 NA NA 0.816514558133792 0.00219926937586435 0.545575166706648 0.00416899058828939 NA NA NA NA NA NA
"40" "U1NN" "Behaviour" "M" "Upstream" NA NA NA "UL" 44.64 NA NA 0.917744981516868 0.00194416552986306 0.782490917555109 0.00427345635591385 NA NA NA NA NA NA
"41" "L2RO" "Behaviour" "M" "Waipori" NA NA NA NA 48.1 NA NA 1.11002634498425 0.00192170832434364 0.734845473374724 0.00217494586622873 NA NA NA NA NA NA
"42" "L7LO" "Behaviour" "F" "Waipori" NA NA NA NA 47.22 NA NA 0.97617217124896 0.00333515301068952 1.19560288483949 0.00469623804572096 NA NA NA NA NA NA
"43" "L6RY" "Behaviour" "M" "Waipori" NA NA NA NA 56.73 NA NA 1.01957930229645 0.00169207018873343 1.00577386569493 0.00356709870490834 NA NA NA NA NA NA
"44" "L9LO" "Behaviour" "M" "Waipori" NA NA NA NA 49.76 NA NA 0.777838401969661 0.00262981896344853 0.632678403962229 0.00195815797132751 NA NA NA NA NA NA
"45" "L11VY" "Behaviour" "F" "Waipori" NA NA NA NA 48.41 NA NA 0.846615495439657 0.00184967788329658 0.798265034527124 0.0023365106822703 NA NA NA NA NA NA
"46" "L1RO" "Behaviour" "M" "Waipori" NA NA NA NA 50.22 NA NA 0.964791890337607 0.00131063165646882 1.02289770463167 0.00248444906348967 NA NA NA NA NA NA
"47" "L13LO" "Behaviour" "M" "Waipori" NA NA NA NA 55.73 NA NA NA NA NA NA NA NA NA NA NA NA
"48" "L10LO" "Behaviour" "F" "Waipori" NA NA NA NA 56.6 NA NA 0.985462686836902 0.00117141069904113 0.626172217028939 0.00146498672356138 NA NA NA NA NA NA
"49" "L4RO" "Behaviour" "M" "Waipori" NA NA NA NA 50.9 NA NA 0.92141746462981 0.00108509271889545 0.936805352050251 0.00215280104527396 NA NA NA NA NA NA
"50" "L10RO" "Behaviour" "F" "Waipori" NA NA NA NA 48.55 NA NA 1.00134274712663 0.00159088662622997 0.84202278930917 0.00270011136569592 NA NA NA NA NA NA
"51" "L8LO" "Behaviour" "F" "Waipori" NA NA NA NA 47.3 NA NA 0.918543450879759 0.00136409612737064 0.64200590012187 0.00289499842641485 NA NA NA NA NA NA
"52" "L8LY" "Behaviour" "F" "Waipori" NA NA NA NA 52.48 NA NA 0.773399036987673 0.00200141714105964 1.10003357780507 0.00343909717540004 NA NA NA NA NA NA
"53" "L3VY" "Behaviour" "M" "Waipori" NA NA NA NA 45.41 NA NA 1.03238697840036 0.00158756694716986 0.81592986452163 0.00306831696414705 NA NA NA NA NA NA
"54" "L8VY" "Behaviour" "F" "Waipori" NA NA NA NA 56.39 NA NA 1.51051870482572 0.00375846328693509 0.961491812305744 0.00174729511593403 NA NA NA NA NA NA
"55" "L8RO" "Behaviour" "M" "Waipori" NA NA NA NA 47.17 NA NA 1.03507910100015 0.00193255264262687 1.25038741730022 0.00191630446768429 NA NA NA NA NA NA
"56" "L10LY" "Behaviour" "F" "Waipori" NA NA NA NA 59.38 NA NA 1.44889376660933 0.00447839787923221 0.835575869851705 0.00184272954545027 NA NA NA NA NA NA
"57" "L8RY" "Behaviour" "M" "Waipori" NA NA NA NA 51.64 NA NA 1.01576509851297 0.00155093335473279 0.695999412234536 0.00101385510912773 NA NA NA NA NA NA
"58" "L5LO" "Behaviour" "F" "Waipori" NA NA NA NA 51.37 NA NA 1.05637521589386 0.00145712056945894 0.864619394565454 0.00232510896608521 NA NA NA NA NA NA
"59" "L5VY" "Behaviour" "F" "Waipori" NA NA NA NA 49.68 NA NA 0.877039546989062 0.00214350026761889 0.801797005947373 0.00202768018645176 NA NA NA NA NA NA
"60" "L5LY" "Behaviour" "F" "Waipori" NA NA NA NA 57.85 NA NA 1.13570667841488 0.00177042075222925 0.541271059715434 0.0007857841542401 NA NA NA NA NA NA
"61" "L10RY" "Behaviour" "M" "Waipori" NA NA NA NA 41.92 NA NA 0.821871399561062 0.00172401617511059 0.730367453129609 0.00235918278462836 NA NA NA NA NA NA
"62" "L5RY" "Behaviour" "F" "Waipori" NA NA NA NA 51.14 NA NA 1.01712488391227 0.00136147254132167 0.64357720678942 0.00306502337346613 NA NA NA NA NA NA
"63" "L10VY" "Behaviour" "F" "Waipori" NA NA NA NA 49.11 NA NA 0.886609194543478 0.0015388593063015 1.11695397608574 0.00178372671950229 NA NA NA NA NA NA
"64" "L4LO" "Behaviour" "M" "Waipori" NA NA NA NA 43.67 NA NA 1.22406330048776 0.00196850217055952 0.776406127895343 0.00211994354362417 NA NA NA NA NA NA
"65" "L12LO" "Behaviour" "M" "Waipori" NA NA NA NA 56.59 NA NA 0.965254089276841 0.00178673266281307 0.772663973679853 0.00173612045252992 NA NA NA NA NA NA
"66" "U2RY" "Behaviour" "M" "Upstream" NA NA NA "UL" 52.48 NA NA 0.889471206463074 0.00115493546838077 0.611651367802055 0.00362507404628381 NA NA NA NA NA NA
"67" "L12RO" "Behaviour" "F" "Waipori" NA NA NA NA 45.72 NA NA 1.00409026222047 0.00244456208552362 0.845383216274083 0.00271409894651404 NA NA NA NA NA NA
"68" "L5RO" "Behaviour" "F" "Waipori" NA NA NA NA 51.66 NA NA 0.923583836121323 0.0027932616089783 0.910577905748831 0.00224558678334693 NA NA NA NA NA NA
"69" "L11RO" "Behaviour" "M" "Waipori" NA NA NA NA 49.34 NA NA 0.914205237508467 0.00143783375452899 1.01104235424718 0.00298475275791415 NA NA NA NA NA NA
"70" "U1LO" "Behaviour" "M" "Upstream" NA NA NA "UL" 47.43 NA NA 1.12049380113145 0.00184733692868876 0.813827873671897 0.00130872916063612 NA NA NA NA NA NA
"71" "L2RY" "Behaviour" "F" "Waipori" NA NA NA NA 48.87 NA NA 0.940387753766581 0.00210819804231776 0.710921798836379 0.00202876805479401 NA NA NA NA NA NA
"72" "L2LO" "Behaviour" "F" "Waipori" NA NA NA NA 47.09 NA NA 0.93107551359936 0.00263227583680153 0.655627169247585 0.00439852823278346 NA NA NA NA NA NA
"73" "L13RY" "Behaviour" "M" "Waipori" NA NA NA NA 51.06 NA NA 1.30459472021927 0.00701595884231449 1.07761604195544 0.0027903522977918 NA NA NA NA NA NA
"74" "U1LY" "Behaviour" "M" "Upstream" NA NA NA "UL" 51.9 NA NA 0.822921228377831 0.00145205974694227 0.50127912948731 0.00255761342223901 NA NA NA NA NA NA
"75" "D1RY" "Behaviour" "F" "Downstream" NA NA NA "DL" 46.94 NA NA 1.25305367419106 0.00383856844542529 1.08352475770932 0.00162876882816643 NA NA NA NA NA NA
"76" "L9RY" "Behaviour" "F" "Waipori" NA NA NA NA 42.76 NA NA 0.983557380517916 0.00151466893857129 0.949268282297995 0.00282549217325773 NA NA NA NA NA NA
"77" "L7RO" "Behaviour" "M" "Waipori" NA NA NA NA 61.81 NA NA 0.782480642683087 0.00249520910775734 0.916125387640285 0.00167628727836052 NA NA NA NA NA NA
"78" "L7RY" "Behaviour" "F" "Waipori" NA NA NA NA 42.81 NA NA 1.20922019642412 0.00213757485104855 1.10015041138469 0.00557136526419542 NA NA NA NA NA NA
"79" "L7LY" "Behaviour" "M" "Waipori" NA NA NA NA 51.11 NA NA 0.907546643593461 0.00195429306336609 1.12830192393537 0.0038258808104716 NA NA NA NA NA NA
"80" "L6VY" "Behaviour" "F" "Waipori" NA NA NA NA 48.43 NA NA 0.968440486779536 0.00130422714331962 0.634961363782389 0.00238480482811026 NA NA NA NA NA NA
"81" "L6RO" "Behaviour" "M" "Waipori" NA NA NA NA NA NA NA 1.36251195247895 0.0044153322556856 0.908145314783147 0.00296240245042852 NA NA NA NA NA NA
"82" "WaiN-01" "Diet" "F" "Waipori" "N6AM" 430608 4909198 "SL" 47.4 1.089 0.039 1.57834929799023 0.00386774418906442 0.993044593800026 0.00278736563895177 0.237446808510638 0.474893617021277 0.217659574468085 NA 0.93 1
"83" "WaiN-02" "Diet" "F" "Waipori" "N6AM" 430608 4909198 "SL" 44.26 0.915 0.044 0.954170873846282 0.00179267254568636 1.05564630179542 0.00349282234738362 0.242823529411765 0.394588235294118 0.222588235294118 NA 0.86 1
"84" "WaiN-03" "Diet" "F" "Waipori" "N6AM" 430608 4909198 "SL" 50.47 1.308 0.021 0.940434305378688 0.00245406839585907 0.867976681231983 0.00245196716417468 0.25 0.4 0.25 NA 0.9 1
"85" "WaiN-04" "Diet" "M" "Waipori" "N6AM" 430608 4909198 "SL" 57.06 2.004 0.014 1.06059885099074 0.00240659870615231 1.08762283352455 0.00344626876262467 0.237575757575758 0.504848484848485 0.237575757575758 NA 0.98 1
"86" "WaiN-05" "Diet" "M" "Waipori" "N6AM" 430608 4909198 "SL" 44.11 0.905 0.014 0.896037232493703 0.00195411392380909 0.998999165150181 0.00325642564890445 0.26325 0.354375 0.192375 NA 0.81 1
"87" "WaiN-06" "Diet" "M" "Waipori" "N6AM" 430608 4909198 "SL" 59.75 2.336 0.012 1.03786879909609 0.0048464240719275 0.796165034644666 0.00265165205358864 0.303061224489796 0.52530612244898 0.161632653061225 NA 0.99 1
"88" "WaiN-07" "Diet" "M" "Waipori" "N6AM" 430608 4909198 "SL" 52.87 1.435 0.01 0.87407675567915 0.00135876023459302 0.85545304005714 0.00230919184476361 0.28 0.46 0.16 NA 0.9 1
"89" "WaiN-08" "Diet" "F" "Waipori" "N6AM" 430608 4909198 "SL" 51.27 1.437 0.024 0.950279271621348 0.00111502033270129 1.20719029175315 0.00328274748936889 0.293020833333333 0.474895833333333 0.202083333333333 NA 0.97 1
"90" "WaiN-09" "Diet" "M" "Waipori" "N6AM" 430608 4909198 "SL" 56.1 1.825 0.006 0.98343357855284 0.00180844929745755 1.05062732669194 0.00314132166861302 0.247159090909091 0.32625 0.296590909090909 NA 0.87 1
"91" "WaiN-10" "Diet" "M" "Waipori" "N6AM" 430608 4909198 "SL" 49.95 1.404 0.011 1.1352251020987 0.0010916302653938 0.990118075527989 0.00201988197520156 0.384418604651163 0.313604651162791 0.171976744186047 NA 0.87 1
"92" "WaiN-11" "Diet" "M" "Waipori" "N3AM" 430840 4909566 "NL" 49.87 1.24 0.008 1.05176298553202 0.00290794436078704 1.02055126824987 0.00328140507178152 0.303370786516854 0.404494382022472 0.192134831460674 NA 0.9 1
"93" "WaiN-12" "Diet" "F" "Waipori" "N3AM" 430840 4909566 "NL" 54.69 1.86 0.03 0.994548307210873 0.00210845479205618 0.85803049651668 0.00342096228959796 0.273563218390805 0.410344827586207 0.166091954022989 NA 0.85 1
"94" "WaiN-13" "Diet" "F" "Waipori" "N3AM" 430840 4909566 "NL" 52.58 1.597 0.021 0.939983923899757 0.00173495750494063 0.785395259166663 0.00223451109913758 0.26 0.47 0.17 NA 0.9 1
"95" "WaiN-14" "Diet" "F" "Waipori" "N3AM" 430840 4909566 "NL" 53.84 1.708 0.119 1.11993777333447 0.00122608723562594 1.1689498828579 0.00185063888764216 0.336633663366337 0.455445544554455 0.207920792079208 NA 1 1
"96" "WaiN-15" "Diet" "M" "Waipori" "N3AM" 430840 4909566 "NL" 45.89 0.995 0.003 0.715673303858518 0.00239833436072854 0.538551510636459 0.00336923122418834 0.29 0.37 0.08 NA 0.74 1
"97" "WaiN-16" "Diet" "M" "Waipori" "N3" 430840 4909566 "NL" 48.93 1.122 0.009 1.33119275792931 0.00243783471658732 0.736391568061681 0.0017967845575585 0.262921348314607 0.465168539325843 0.171910112359551 NA 0.9 1
"98" "WaiN-17" "Diet" "M" "Waipori" "N3" 430840 4909566 "NL" 45.12 0.945 0.002 1.35464349349404 0.00391142690178282 0.770873075991705 0.00259678815648573 0.257011494252874 0.375632183908046 0.22735632183908 NA 0.86 1
"99" "WaiN-18" "Diet" "M" "Waipori" "N3" 430840 4909566 "NL" 50 1.464 0.004 0.90754265557083 0.00156644107574752 0.696545213288244 0.00247088461901758 0.309090909090909 0.31875 0.222159090909091 NA 0.85 1
"100" "WaiN-19" "Diet" "F" "Waipori" "N2AM" 431009 4909664 "NL" 42.58 0.785 0.011 1.37934957506111 0.00254996739665324 0.675948815204705 0.00225983876344952 NA NA NA NA NA NA
"101" "WaiN-20" "Diet" "F" "Waipori" "N2AM" 431009 4909664 "NL" 59.58 2.763 0.021 0.845614032318813 0.0018042133798782 1.11312207902035 0.00424493987764988 0.31 0.44 0.3 NA 1.05 1
"102" "WaiN-21" "Diet" "M" "Waipori" "N2AM" 431009 4909664 "NL" 51.99 1.43 0.003 0.952919615826298 0.00133672132894936 0.76593987085343 0.00348866362327645 0.35 0.39 0.23 NA 0.97 1
"103" "WaiN-22" "Diet" "M" "Waipori" "N2AM" 431009 4909664 "NL" 54.28 1.434 0.003 0.928355224571639 0.00179069975258899 1.24420296615358 0.00462533394074333 0.3 0.37 0.27 NA 0.94 1
"104" "WaiN-23" "Diet" "M" "Waipori" "N2" 431009 4909664 "NL" 57.93 2.013 0.008 1.03493010178105 0.0017849374488943 0.676978425831072 0.00216377262192253 0.297 0.4554 0.2376 NA 0.99 1
"105" "WaiN-24" "Diet" "M" "Waipori" "N5AM" 430440 4909390 "NL" 46.32 1.156 0.006 0.976436842375853 0.00320653714656452 0.803091098476471 0.0032664869982717 0.31 0.38 0.16 NA 0.85 1
"106" "WaiN-25" "Diet" NA "Waipori" "N6" 430608 4909198 "SL" 24.25 0.116 NA 1.19563753630857 0.00429052969014058 1.19742559275478 0.00254500925997731 0.25 0.12 NA NA 0.37 0
"107" "WaiN-26" "Diet" "M" "Waipori" "N6" 430608 4909198 "SL" 49.27 1.489 0.012 0.978262862125339 0.00177485320385594 1.15818770020509 0.00199059461814844 0.29 0.41 0.22 NA 0.92 1
"108" "WaiN-27" "Diet" "F" "Waipori" "N6" 430608 4909198 "SL" 49.14 1.46 0.243 1.43560785358435 0.00474568645386196 1.04282157659447 0.00308690333652552 0.316666666666667 0.484895833333333 0.1484375 NA 0.95 1
"109" "WaiN-28" "Diet" "F" "Waipori" "N6" 430608 4909198 "SL" 45.91 0.964 0.012 1.05163756199814 0.00212125789495809 1.14360150743226 0.00376494019479246 0.28 0.45 0.13 NA 0.86 1
"110" "WaiN-29" "Diet" "M" "Waipori" "N6" 430608 4909198 "SL" 50.95 1.654 0.008 0.866909258681674 0.00184608187189089 0.975076376592273 0.00270553062947923 0.31 0.4 0.28 NA 0.99 1
"111" "WaiN-30" "Diet" "M" "Waipori" "N6" 430608 4909198 "SL" 47.91 1.24 0.011 1.02656002270487 0.00154830308350551 0.59643773888734 0.00267358557605668 0.293295454545455 0.374204545454545 0.2225 NA 0.89 1
"112" "WaiN-31" "Diet" NA "Waipori" "N7" 430787 4909088 "SL" 45.54 1.036 NA NA NA 1.44403542842229 0.0063499128642164 NA NA NA NA NA NA
"113" "WaiN-32" "Diet" "M" "Waipori" "N7" 430787 4909088 "SL" 54.37 1.472 0.007 NA NA NA NA 0.29 0.53 0.11 NA 0.93 1
"114" "WaiN-33" "Diet" "M" "Waipori" "N7" 430787 4909088 "SL" 48.58 1.119 0.013 0.982096724653881 0.00177583850304233 0.882776636016229 0.0017897519986637 0.26 0.32 0.25 NA 0.83 1
"115" "WaiN-34" "Diet" NA "Waipori" "N7" 430787 4909088 "SL" 44.13 1.051 NA NA NA NA NA NA NA NA NA NA NA
"116" "WaiN-35" "Diet" "M" "Waipori" "N7" 430787 4909088 "SL" 53.52 1.617 0.008 1.298005946318 0.00226787868918495 0.945730532547724 0.00358431403257191 0.303030303030303 0.565656565656566 0.131313131313131 NA 1 1
"117" "WaiN-36" "Diet" NA "Waipori" "N7" 430787 4909088 "SL" 47.48 1.294 NA NA NA 1.6057857139199 0.00529558167056355 0.3 0.33 0.15 NA 0.78 1
"118" "WaiN-37" "Diet" "M" "Waipori" "N8" 430988 4909047 "SL" 44.71 0.986 0.011 1.08662520424978 0.001596062169125 1.25570271620804 0.00317322911017231 0.36 0.33 0.12 NA 0.81 1
"119" "WaiN-38" "Diet" "M" "Waipori" "N8" 430988 4909047 "SL" 53.5 1.653 0.008 1.03865527477339 0.00236750070797303 0.919066711468964 0.00231373663849481 0.323404255319149 0.464893617021277 0.161702127659574 NA 0.95 1
"120" "WaiN-39" "Diet" "M" "Waipori" "N8" 430988 4909047 "SL" 49.61 1.244 0.006 NA NA NA NA 0.262888888888889 0.404444444444444 0.242666666666667 NA 0.91 1
"121" "WaiN-40" "Diet" "M" "Waipori" "N5" 430440 4909390 "SL" 41.63 0.996 0.005 1.01181927221204 0.00205241299895581 0.661470125614846 0.00109424422800808 0.25 0.34 0.23 NA 0.82 1
"122" "WaiN-41" "Diet" "M" "Waipori" "N6" 430608 4909198 "SL" 56 1.867 0.021 1.33919819875357 0.00237222144257469 1.18534836264231 0.00176056966350883 0.287238095238095 0.515047619047619 0.237714285714286 NA 1.04 1
"123" "WaiN-42" "Diet" "F" "Waipori" "N7" 430787 4909088 "SL" 48.88 1.924 0.3 1.06232570699517 0.00163506966063797 1.03395541922684 0.002834755225249 0.306352941176471 0.365647058823529 0.168 NA 0.84 1
"124" "WaiN-43" "Diet" "F" "Waipori" "N7" 430787 4909088 "NL" 44.87 0.948 0.059 1.37149446625222 0.0039621532267318 1.07174536725128 0.00193772225189911 0.286329113924051 0.345569620253165 0.148101265822785 NA 0.78 1
"125" "WaiN-44" "Diet" "M" "Waipori" "N7" 430787 4909088 "NL" 52 1.508 0.006 1.07229516381431 0.00206980375685583 1.12134261547501 0.00384224610714114 0.316559139784946 0.346236559139785 0.257204301075269 NA 0.92 1
"126" "WaiN-45" "Diet" "M" "Waipori" "N1" 431271 4909707 "NL" 50 1.5 0.008 0.922387621847044 0.00201212272254168 0.771122023824768 0.00406257575602782 0.308571428571429 0.327857142857143 0.173571428571429 NA 0.81 1
"127" "WaiN-46" "Diet" "F" "Waipori" "N1" 431271 4909707 "NL" 47.16 1.117 0.041 0.816114282390368 0.00237579133911765 0.971316805938056 0.00334824885209333 0.357692307692308 0.398571428571429 0.173736263736264 NA 0.93 1
"128" "WaiS-01" "Diet" "M" "Waipori" "S3" 431525 4908331 "EL" 72.8 4.705 0.023 1.46457496629044 0.00375744389636003 0.44848009773856 0.00164641282146605 0.33 0.42 0.15 0.13 1.03 2
"129" "WaiS-02" "Diet" "M" "Waipori" "S3" 431525 4908331 "EL" 50.29 1.41 0.009 1.09180451721325 0.00245770775897525 0.732489552748816 0.00162336658202064 0.34 0.43 0.22 NA 0.99 1
"130" "WaiS-03" "Diet" "F" "Waipori" "S6" 432291 4908989 "EL" 45.48 1.263 0.01 1.04799761910624 0.00148740075373491 1.04546536393873 0.00225171329726116 0.28 0.37 0.2 NA 0.85 1
"131" "WaiS-04" "Diet" "F" "Waipori" "S2" 431392 4908322 "EL" 45.29 1.376 0.18 0.940616388303532 0.00189899860042043 0.899896180798548 0.00210463235403465 0.293258426966292 0.374157303370787 0.232584269662921 NA 0.9 1
"132" "WaiS-05" "Diet" "M" "Waipori" "S5AM" 431978 4908487 "EL" 41.26 0.913 0.004 1.32014925982774 0.00230352662891977 0.951827801952361 0.00317139027079245 0.182278481012658 0.455696202531646 0.162025316455696 NA 0.8 1
"133" "WaiS-06" "Diet" "M" "Waipori" "S5AM" 431978 4908487 "EL" 44.32 1.106 0.009 1.2181354928386 0.00219364686432659 1.13249493721512 0.0020152242708876 NA NA NA NA NA NA
"134" "WaiS-07" "Diet" "F" "Waipori" "S5AM" 431978 4908487 "EL" 49.8 1.546 0.168 1.193103431516 0.0015093376174286 1.19912555301266 0.00138115688065985 0.3 0.39 0.23 NA 0.92 1
"135" "WaiS-08" "Diet" "M" "Waipori" "S5AM" 431978 4908487 "EL" 45.69 1.04 0.005 1.09462972248284 0.00198700959206041 1.1629278810661 0.0033917871941499 NA NA NA NA NA NA
"136" "WaiS-09" "Diet" "F" "Waipori" "S5AM" 431978 4908487 "EL" 60.2 2.3 0.042 0.971273100915523 0.00178371441619612 0.44240178822478 0.00089977882108167 0.353723404255319 0.41436170212766 0.181914893617021 NA 0.95 1
"137" "WaiS-10" "Diet" "M" "Waipori" "S1" 431417 4908533 "EL" 49.19 1.276 0.005 1.13336202320835 0.00180265627233841 0.722483679739605 0.00160840621823942 0.34 0.36 0.18 NA 0.88 1
"138" "WaiS-11" "Diet" "F" "Waipori" "S2AM" 431392 4908322 "EL" 47.76 1.071 0.026 1.1672174550246 0.00224289399681871 1.13089790091549 0.00430201545038025 0.297341772151899 0.348607594936709 0.164050632911392 NA 0.81 1
"139" "WaiS-12" "Diet" "F" "Waipori" "S2AM" 431392 4908322 "EL" 42.4 1.021 0.054 NA NA NA NA NA NA NA NA NA NA
"140" "WaiS-13" "Diet" "M" "Waipori" "S2AM" 431392 4908322 "EL" 51.12 1.329 0.005 0.975646249838945 0.00220365269869904 0.635812688719224 0.00147755788891237 0.28 0.43 0.2 NA 0.91 1
"141" "WaiS-14" "Diet" "F" "Waipori" "S2AM" 431392 4908322 "EL" 50.89 1.56 0.24 1.11880742881386 0.00196447849889568 0.791982894761187 0.000876221916946475 0.336263736263736 0.425274725274725 0.138461538461538 NA 0.9 1
"142" "WaiS-15" "Diet" "F" "Waipori" "S2AM" 431392 4908322 "EL" 55 1.748 0.066 0.852103565469022 0.00158456820764268 1.11623431833971 0.00301514389624277 0.3 0.44 0.19 NA 0.93 1
